V04001 V01000 V11042 V11212 V11041 V11043 V14032 V14033 V13012 V13052 V13011_000 V11002 V13011 V13007 V13003 V13004 V12012 V12011 V12212 V12211 V12201 V12001 V10202 V10201 V10004
1951 52754 32766 32766 32766 32766 -32766 32766 32766 32766 32766 32766 -32766 32766 32766 32766 32766 32766 32766 32766 32766 32766 32766 32766 32766 
1952 52754 32766 32766 32766 32766 -32766 32766 32766 32766 32766 32766 -32766 32766 32766 32766 32766 32766 32766 32766 32766 32766 32766 32766 32766 
1953 52754 32766 32766 32766 32766 -32766 32766 32766 32766 32766 32766 -32766 32766 32766 32766 32766 32766 32766 32766 32766 32766 32766 32766 32766 
1954 52754 32766 32766 32766 32766 -32766 32766 32766 32766 32766 32766 -32766 32766 32766 32766 32766 32766 32766 32766 32766 32766 32766 32766 32766 
1955 52754 32766 32766 32766 32766 -32766 32766 32766 32766 32766 32766 -32766 32766 32766 32766 32766 32766 32766 32766 32766 32766 32766 32766 32766 
1956 52754 32766 32766 32766 32766 -32766 32766 32766 32766 32766 32766 -32766 32766 32766 32766 32766 32766 32766 32766 32766 32766 32766 32766 32766 
1957 52754 32766 32766 32766 32766 -32766 32766 32766 180 32766 32766 -32766 10 32766 32766 32766 32766 32766 32766 32766 32766 32766 32766 32766 
1958 52754 32766 32766 32766 32766 30795 69 9 202 110 38 4151 0 55 41 -293 211 -62 71 2 -1 32766 32766 6806 
1959 52754 32766 32766 32766 32766 30359 68 -6 405 109 34 3567 0 56 40 -284 225 -69 64 -4 -7 32766 32766 6801 
1960 52754 32766 32766 32766 32766 30100 68 -15 193 111 34 3225 0 54 40 -290 236 -70 70 -3 -6 32766 32766 6805 
1961 52754 32766 32766 32766 32766 29390 66 -9 373 116 32 3471 0 55 41 -310 237 -73 63 -6 -9 32766 32766 6802 
1962 52754 32766 32766 32766 32766 31158 70 -18 30222 99 34 3119 0 52 38 -263 216 -77 65 -9 -12 32766 32766 6806 
1963 52754 32766 32766 32766 32766 30942 70 7 288 96 36 4070 0 52 40 -292 208 -72 70 -4 -7 32766 32766 6809 
1964 52754 32766 32766 32766 32766 29921 67 7 184 125 34 4073 0 58 42 -309 203 -67 64 -5 -8 32766 32766 6801 
1965 52754 32766 32766 32766 32766 30660 69 -5 30170 105 37 3610 0 52 38 -265 219 -68 66 -4 -7 32766 32766 6809 
1966 52754 32766 32766 32766 32766 29345 66 -13 30157 113 38 3286 304 52 40 -252 236 -64 69 -1 -4 32766 32766 6803 
1967 52754 32766 32766 32766 32766 29489 67 32 244 132 35 4995 307 58 42 -285 224 -71 53 -12 -15 32766 32766 6802 
1968 52754 32766 32766 32766 32766 30844 69 -9 235 119 39 3454 305 58 40 -259 206 -67 64 -7 -10 32766 32766 6803 
1969 52754 32766 32766 32766 32766 30891 70 4 209 99 43 3933 303 52 40 -265 231 -62 76 3 0 32766 32766 6801 
1970 52754 32766 32766 32766 32766 30375 69 -3 200 104 40 3693 304 51 38 -274 221 -72 66 -8 -11 32766 32766 6805 
1971 52754 32766 32766 32766 32766 29855 67 12 220 116 41 4250 301 53 40 -295 239 -63 71 0 -3 32766 32766 6807 
1972 52754 170 903 32766 32766 29752 67 8 217 109 38 4083 302 55 42 -265 240 -59 73 2 -1 32766 32766 6803 
1973 52754 250 14 32766 32766 30944 70 -23 158 94 41 2907 305 51 39 -291 234 -64 73 1 -2 32766 32766 6808 
1974 52754 213 16 32766 32766 29258 66 4 400 124 39 3930 303 57 40 -253 202 -63 64 -3 -6 32766 32766 6801 
1975 52754 230 14 32766 32766 29458 66 17 337 102 36 4428 304 56 41 -272 224 -65 61 -5 -8 32766 32766 6804 
1976 52754 190 13 32766 32766 31082 70 -6 225 109 32 3578 302 54 38 -243 210 -68 62 -8 -11 32766 32766 6800 
1977 52754 200 14 32766 32766 29896 67 -13 253 108 37 3293 303 54 39 -264 225 -66 63 -6 -9 32766 32766 6807 
1978 52754 190 15 32766 32766 30993 70 -20 168 98 39 3033 306 54 40 -281 250 -62 68 -2 -5 32766 32766 6808 
1979 52754 240 15 32766 32766 31362 71 -1 393 88 40 3754 302 49 37 -263 215 -62 73 2 -1 32766 32766 6808 
1980 52754 267 13 32766 32766 31547 71 -14 216 93 39 3257 0 50 38 -271 207 -65 72 0 -3 6652 6917 6805 
1981 52754 210 15 32766 32766 30125 68 7 290 99 37 4072 0 51 42 -254 230 -60 72 2 -1 6671 6894 6802 
1982 52754 170 13 32766 32766 30433 69 -4 344 110 36 3659 0 56 40 -285 206 -63 62 -4 -7 6670 6902 6803 
1983 52754 197 15 32766 32766 30538 69 1 180 112 37 3848 0 53 39 -268 209 -68 58 -9 -12 6681 6904 6805 
1984 52754 220 14 32766 32766 30805 69 -8 193 103 39 3507 0 52 38 -273 205 -61 65 -3 -6 6651 6906 6793 
1985 52754 190 902 32766 32766 30257 68 25 292 119 39 4749 0 52 40 -293 221 -59 65 -2 -5 6654 6907 6798 
1986 52754 183 15 32766 32766 31361 71 1 270 101 35 3848 2 53 38 -274 220 -65 62 -6 -9 6655 6906 6804 
1987 52754 183 14 32766 32766 30348 68 10 315 111 36 4181 0 53 40 -245 206 -55 75 5 2 6679 6908 6809 
1988 52754 190 15 32766 32766 28617 64 36 295 131 35 5158 0 56 43 -267 226 -54 72 5 2 6662 6907 6804 
1989 52754 170 14 32766 32766 29129 66 21 251 139 31 4588 0 60 45 -287 216 -57 62 -2 -5 6662 6907 6803 
1990 52754 197 14 32766 32766 30948 70 -31 179 95 34 2601 2 52 38 -254 215 -58 75 4 1 6692 6919 6808 
1991 52754 180 1 32766 32766 28763 65 -21 221 102 39 3008 3 52 39 -269 234 -61 74 3 0 6668 6899 6803 
1992 52754 217 15 32766 32766 28686 65 -19 149 108 36 3089 0 53 40 -253 217 -64 66 -2 -5 6678 6917 6805 
1993 52754 193 15 32766 32766 28843 65 5 193 107 33 3971 1 58 41 -304 209 -61 66 -2 -5 6674 6931 6810 
1994 52754 177 32766 32766 32766 29592 67 -2 342 86 34 3711 0 57 43 -239 232 -56 75 4 1 6655 6927 6813 
1995 52754 197 16 32766 32766 29958 68 -8 330 96 37 3499 2 56 41 -281 216 -63 68 -3 -6 6684 6914 6812 
1996 52754 170 12 32766 32766 30072 68 8 358 95 35 4097 2 56 42 -245 242 -60 71 1 -2 6637 6907 6806 
1997 52754 170 2 32766 32766 30465 69 -4 448 94 32 3636 5 56 41 -241 243 -59 70 1 -2 6708 6906 6814 
1998 52754 197 13 32766 32766 30007 68 0 235 88 33 3801 2 55 44 -262 234 -49 84 13 10 6640 6930 6816 
1999 52754 173 15 32766 32766 29707 67 8 193 116 32 4085 2 57 45 -253 251 -52 79 8 5 6663 6911 6811 
2000 52754 183 13 32766 32766 30860 69 11 354 92 31 4196 2 56 42 -266 275 -62 71 1 -2 6669 6905 6803 
2001 52754 200 14 32766 32766 30409 69 -22 229 93 34 2975 4 51 41 -270 244 -57 78 7 4 6674 6904 6809 
2002 52754 203 14 32766 32766 30912 70 -2 278 97 33 3722 2 56 43 -314 223 -58 76 5 2 6668 6915 6811 
2003 52754 160 903 32766 32766 30424 69 -9 264 106 33 3449 2 54 43 -263 232 -53 80 10 7 6642 6930 6803 
2004 52754 174 14 288 13 30953 70 13 285 98 33 4279 6 52 40 -263 227 -57 75 5 2 6662 6912 6808 
2005 52754 175 14 262 14 28856 65 13 216 116 31 4277 6 53 43 -223 222 -51 76 9 6 6672 6907 6803 
2006 52754 159 14 251 13 29177 66 10 472 113 31 4155 6 54 44 -232 249 -49 83 12 9 6656 6916 6808 
2007 52754 181 3 253 13 28305 64 16 246 109 31 4419 7 53 42 -263 212 -50 80 9 6 6690 6907 6806 
2008 52754 170 2 227 13 28708 65 4 316 108 30 3958 6 52 40 -285 222 -56 75 5 2 6662 6893 6803 
2009 52754 172 13 278 13 27643 62 10 225 114 32 4160 6 52 43 -262 217 -48 79 10 7 6617 6910 6800 
2010 52754 176 15 279 14 29565 67 5 301 91 33 3968 5 49 43 -252 267 -48 86 14 11 6631 6900 6802 
2011 52754 146 14 219 14 28242 64 12 255 117 29 4237 4 53 42 -263 235 -50 77 8 5 6658 6919 6801 
2012 52754 167 14 268 14 25886 58 -2 192 130 28 3712 5 53 42 -271 211 -55 69 2 -1 6664 6892 6791 
2013 52754 160 14 233 13 30101 68 -3 332 81 30 3753 4 49 42 -246 255 -47 85 11 11 6666 6921 6805 
1951 52842 32766 32766 32766 32766 -32766 32766 32766 32766 32766 32766 -32766 32766 32766 32766 32766 32766 32766 32766 32766 32766 32766 32766 32766 
1952 52842 32766 32766 32766 32766 -32766 32766 32766 32766 32766 32766 -32766 32766 32766 32766 32766 32766 32766 32766 32766 32766 32766 32766 32766 
1953 52842 32766 32766 32766 32766 -32766 32766 32766 32766 32766 32766 -32766 32766 32766 32766 32766 32766 32766 32766 32766 32766 32766 32766 32766 
1954 52842 32766 32766 32766 32766 -32766 32766 32766 32766 32766 32766 -32766 32766 32766 32766 32766 32766 32766 32766 32766 32766 32766 32766 32766 
1955 52842 32766 32766 32766 32766 -32766 32766 32766 120 32766 32766 -32766 303 32766 32766 32766 32766 32766 32766 32766 32766 32766 32766 32766 
1956 52842 32766 32766 32766 32766 31783 72 -41 227 45 32766 1228 0 39 32 -285 267 -68 32766 -7 12 32766 32766 32766 
1957 52842 32766 32766 32766 32766 -32766 32766 16 217 61 29 2409 0 49 40 -256 256 -57 88 -8 11 32766 32766 6992 
1958 52842 32766 32766 32766 32766 30160 68 52 724 73 30 3170 302 47 43 -264 260 -51 97 -1 18 32766 32766 32766 
1959 52842 32766 32766 32766 32766 29762 67 25 280 67 30 2596 1 45 39 -290 273 -63 32766 -5 14 32766 32766 32766 
1960 52842 32766 32766 32766 32766 29533 66 -35 113 64 33 1362 0 43 38 -259 277 -59 103 -2 17 32766 32766 6992 
1961 52842 32766 32766 32766 32766 29444 66 -3 208 61 31 2027 0 32766 32766 -313 287 -67 98 -7 12 32766 32766 6989 
1962 52842 32766 32766 32766 32766 31244 70 -28 115 63 30 1507 301 41 35 -287 253 -67 98 -7 12 32766 32766 6993 
1963 52842 32766 32766 32766 32766 31590 71 9 272 56 29 2280 0 41 37 -284 255 -65 103 -5 14 32766 32766 6998 
1964 52842 32766 32766 32766 32766 30758 69 17 192 80 23 2433 0 46 40 -308 246 -62 98 -6 13 32766 32766 6988 
1965 52842 32766 32766 32766 32766 31651 71 5 30229 70 26 2181 0 41 36 -290 253 -63 99 -4 15 32766 32766 6995 
1966 52842 32766 32766 32766 32766 30708 69 -27 141 61 27 1516 301 40 38 -275 277 -57 102 0 19 32766 32766 6987 
1967 52842 32766 32766 32766 32766 29913 67 90 300 102 22 3959 303 50 43 -280 264 -59 83 -11 8 32766 32766 6986 
1968 52842 32766 32766 32766 32766 31702 71 -20 163 69 33 1660 304 43 37 -241 254 -57 96 -4 15 32766 32766 6987 
1969 52842 32766 32766 32766 32766 30588 69 -16 215 55 39 1740 303 40 36 -265 264 -54 104 3 22 32766 32766 6986 
1970 52842 200 13 32766 32766 30949 70 -17 159 58 37 1734 301 40 35 -290 263 -67 93 -10 9 32766 32766 6991 
1971 52842 220 13 32766 32766 30673 69 29 263 67 36 2688 302 43 39 -304 286 -51 98 2 21 32766 32766 6991 
1972 52842 210 16 32766 32766 31286 70 -24 137 58 35 1589 303 42 39 -277 276 -52 104 4 23 32766 32766 6986 
1973 52842 230 13 32766 32766 31315 71 -14 30325 57 36 1784 302 42 37 -268 270 -58 105 1 20 32766 32766 6994 
1974 52842 200 14 32766 32766 30358 68 12 217 72 32 2329 301 45 39 -276 243 -58 94 -5 14 32766 32766 6985 
1975 52842 200 902 32766 32766 30349 68 13 409 72 32 2360 303 46 40 -306 267 -59 94 -6 13 32766 32766 6988 
1976 52842 200 14 32766 32766 31449 71 -2 216 68 34 2038 303 43 37 -257 273 -63 93 -9 10 32766 32766 6986 
1977 52842 203 13 32766 32766 31263 71 -35 210 59 35 1344 301 42 37 -258 267 -62 95 -5 14 32766 32766 6995 
1978 52842 270 13 32766 32766 32379 73 -32 150 58 34 1413 302 41 35 -270 293 -61 103 -2 17 32766 32766 6996 
1979 52842 220 13 32766 32766 32439 73 -25 146 52 38 1566 302 38 35 -258 263 -55 103 0 19 32766 32766 6995 
1980 52842 207 14 32766 32766 32601 73 -35 187 43 34 1356 0 41 35 -279 260 -53 102 2 21 6835 7097 6994 
1981 52842 190 14 32766 32766 31542 71 38 368 71 29 2874 0 46 42 -265 270 -43 100 3 22 6855 7089 6991 
1982 52842 163 13 32766 32766 30751 69 10 230 76 26 2283 0 48 40 -248 253 -51 91 -5 14 6871 7097 6993 
1983 52842 160 14 32766 32766 30466 69 -23 143 64 28 1605 0 43 36 -283 260 -64 89 -12 7 6871 7089 6997 
1984 52842 200 13 32766 32766 29845 67 -25 213 52 30 1569 0 39 33 -242 254 -57 96 -4 15 6846 7093 6985 
1985 52842 263 14 32766 32766 30718 69 -3 140 62 28 2018 0 41 36 -246 298 -54 98 -2 17 6860 7096 6990 
1986 52842 233 13 32766 32766 31465 71 37 223 68 30 2853 0 42 36 -267 281 -61 96 -6 13 6853 7097 6994 
1987 52842 183 13 32766 32766 31224 70 9 174 66 27 2262 0 45 41 -265 247 -50 105 3 22 6863 7103 6998 
1988 52842 187 13 32766 32766 28785 65 -5 114 72 29 1987 0 44 40 -268 285 -45 105 6 25 6829 7124 6994 
1989 52842 210 14 32766 32766 27322 62 105 368 101 26 4268 0 53 47 -287 250 -46 89 -3 16 6856 7115 6997 
1990 52842 180 14 32766 32766 31911 72 -23 154 60 30 1608 2 42 36 -230 264 -55 104 1 20 6866 7135 6995 
1991 52842 200 13 32766 32766 30771 69 0 293 59 32 2092 0 42 40 -286 265 -53 102 1 20 6851 7099 6992 
1992 52842 210 15 32766 32766 29327 66 21 264 70 33 2528 2 43 39 -279 256 -55 95 -4 15 6870 7119 6995 
1993 52842 177 13 32766 32766 30694 69 9 276 73 31 2263 0 46 39 -279 262 -52 101 0 19 6860 7123 6997 
1994 52842 210 13 32766 32766 31581 71 -7 214 44 30 1933 0 41 38 -255 270 -50 107 5 24 6837 7106 6996 
1995 52842 193 13 32766 32766 31631 71 -16 186 55 34 1752 0 42 39 -290 266 -54 99 -1 18 6872 7102 6998 
1996 52842 197 13 32766 32766 31631 71 -12 143 60 35 1829 0 41 38 -241 266 -46 104 4 23 6827 7110 6994 
1997 52842 190 14 32766 32766 32270 73 -22 150 62 29 1627 0 40 36 -240 282 -56 104 -1 18 6893 7100 6999 
1998 52842 217 13 32766 32766 31409 71 16 318 77 29 2413 0 41 40 -236 269 -39 113 12 31 6832 7117 7002 
1999 52842 200 14 32766 32766 28975 65 20 302 55 31 2494 0 41 41 -253 294 -39 110 10 29 6842 7102 6997 
2000 52842 197 13 32766 32766 30564 69 -15 485 48 32 1766 0 40 38 -256 316 -50 106 5 24 6861 7114 6991 
2001 52842 32766 32766 32766 32766 -32766 32766 32766 32766 32766 32766 -32766 32766 32766 32766 32766 32766 32766 32766 32766 32766 32766 32766 32766 
2002 52842 32766 32766 32766 32766 -32766 32766 32766 32766 32766 32766 -32766 32766 32766 32766 32766 32766 32766 32766 32766 32766 32766 32766 32766 
2003 52842 32766 32766 32766 32766 -32766 32766 32766 32766 32766 32766 -32766 32766 32766 32766 32766 32766 32766 32766 32766 32766 32766 32766 32766 
2004 52842 32766 32766 32766 32766 -32766 32766 32766 32766 32766 32766 -32766 32766 32766 32766 32766 32766 32766 32766 32766 32766 32766 32766 32766 
2005 52842 32766 32766 32766 32766 -32766 32766 32766 32766 32766 32766 -32766 32766 32766 32766 32766 32766 32766 32766 32766 32766 32766 32766 32766 
2006 52842 32766 32766 32766 32766 -32766 32766 32766 32766 32766 32766 -32766 32766 32766 32766 32766 32766 32766 32766 32766 32766 32766 32766 32766 
2007 52842 182 13 309 13 28185 64 21 170 78 32 2519 3 44 41 -249 258 -39 109 10 29 6872 7106 6994 
2008 52842 160 13 247 13 29069 65 -1 235 75 33 2062 4 42 38 -264 255 -44 104 7 26 6858 7104 6993 
1951 52856 32766 32766 32766 32766 -32766 32766 32766 32766 32766 32766 -32766 32766 32766 32766 32766 32766 32766 32766 32766 32766 32766 32766 32766 
1952 52856 32766 32766 32766 32766 -32766 32766 32766 32766 32766 32766 -32766 32766 32766 32766 32766 32766 32766 32766 32766 32766 32766 32766 32766 
1953 52856 32766 32766 32766 32766 -32766 32766 0 320 72 27 3155 1 58 53 -250 311 -30 32766 -5 35 32766 32766 32766 
1954 52856 32766 32766 32766 32766 29995 68 -3 470 88 27 3054 0 55 51 -278 278 -39 113 -7 33 32766 32766 32766 
1955 52856 32766 32766 32766 32766 31590 71 3 229 82 22 3229 0 55 50 -263 268 -45 111 -13 27 32766 32766 7193 
1956 52856 32766 32766 32766 32766 33220 75 -50 175 69 25 1586 0 45 41 -260 283 -51 117 -11 29 32766 32766 7191 
1957 52856 32766 32766 32766 32766 31771 72 -18 241 74 20 2570 0 51 46 -254 275 32766 110 -13 27 32766 32766 7188 
1958 52856 32766 32766 32766 32766 32900 74 19 212 79 23 3751 0 48 48 -243 273 -40 117 -8 32 32766 32766 7191 
1959 52856 32766 32766 32766 32766 32200 73 3 257 91 20 3226 0 51 48 -279 295 -45 114 -11 29 32766 32766 7188 
1960 52856 32766 32766 32766 32766 30011 68 -9 327 78 22 2848 0 48 46 -249 291 -39 115 -9 31 32766 32766 7162 
1961 52856 32766 32766 32766 32766 29805 67 24 192 104 21 3896 0 54 50 -289 291 -41 107 -14 26 32766 32766 7160 
1962 52856 32766 32766 32766 32766 32222 73 -15 338 75 21 2659 1 49 45 -261 278 -44 109 -14 26 32766 32766 7163 
1963 52856 32766 32766 32766 32766 30869 70 -16 30162 84 24 2628 0 44 45 -262 270 -47 120 -10 30 32766 32766 7165 
1964 52856 32766 32766 32766 32766 29359 66 10 174 105 19 3463 0 54 51 -261 262 -40 110 -13 27 32766 32766 7156 
1965 52856 32766 32766 32766 32766 30122 68 -14 216 86 21 2699 0 48 45 -263 278 -39 112 -11 29 32766 32766 7162 
1966 52856 32766 32766 32766 32766 29643 67 -11 389 82 22 2804 303 48 46 -237 298 -32 117 -6 34 32766 32766 7167 
1967 52856 32766 32766 32766 32766 27988 63 66 433 113 17 5225 308 57 54 -248 288 -33 105 -12 28 32766 32766 7212 
1968 52856 32766 32766 32766 32766 29274 66 -25 194 91 22 2371 304 53 49 -221 263 -34 115 -7 33 32766 32766 7213 
1969 52856 32766 32766 32766 32766 29800 67 -7 234 80 25 2914 304 49 49 -231 296 -30 125 1 41 32766 32766 7210 
1970 52856 150 15 32766 32766 29418 67 -3 286 82 23 3058 309 50 48 -250 290 -39 112 -10 30 32766 32766 7215 
1971 52856 167 14 32766 32766 28262 64 4 210 94 23 3283 306 51 50 -277 297 -25 118 -1 39 32766 32766 7216 
1972 52856 170 902 32766 32766 30119 68 -6 290 73 22 2967 303 46 47 -251 305 -25 122 1 41 32766 32766 7212 
1973 52856 163 14 32766 32766 30394 69 -2 164 79 21 3083 302 46 47 -256 300 -27 122 1 41 32766 32766 7219 
1974 52856 200 13 32766 32766 28282 64 -1 322 106 20 3125 303 54 51 -235 271 -28 112 -5 35 32766 32766 7212 
1975 52856 170 12 32766 32766 28398 64 16 245 88 17 3637 303 53 52 -258 313 -26 114 -4 36 32766 32766 7215 
1976 52856 150 14 32766 32766 28933 65 22 295 86 16 3840 302 50 48 -226 296 -34 111 -10 30 32766 32766 7211 
1977 52856 163 14 32766 32766 28483 64 -30 210 78 16 2206 302 49 46 -220 291 -33 113 -7 33 32766 32766 7221 
1978 52856 173 14 32766 32766 29136 66 4 187 91 14 3255 302 51 49 -235 305 -26 119 -1 39 32766 32766 7225 
1979 52856 183 14 32766 32766 28237 64 -21 229 76 17 2495 303 44 45 -227 274 -28 125 0 40 32766 32766 7225 
1980 52856 160 902 32766 32766 30047 68 -13 273 71 18 2734 0 45 43 -241 274 -29 124 0 40 7049 7327 7223 
1981 52856 160 15 32766 32766 28175 64 13 238 91 15 3565 2 50 53 -239 303 -20 122 2 42 7064 7320 7215 
1982 52856 170 13 32766 32766 27948 63 -11 228 100 14 2812 1 54 49 -240 285 -26 111 -6 34 7083 7336 7216 
1983 52856 147 902 32766 32766 28395 64 31 482 93 14 4105 0 54 49 -252 273 -34 108 -11 29 7075 7337 7223 
1984 52856 187 14 32766 32766 28460 64 -21 210 83 13 2489 1 52 48 -232 281 -28 116 -3 37 7063 7327 7211 
1985 52856 187 14 32766 32766 28964 65 22 212 91 15 3847 0 50 48 -248 295 -27 118 -3 37 7081 7342 7209 
1986 52856 147 13 32766 32766 29421 66 -7 173 89 15 2937 0 50 46 -239 299 -34 115 -7 33 7044 7323 7215 
1987 52856 147 14 32766 32766 29232 66 -3 203 88 17 3058 0 47 47 -229 264 -21 125 3 43 7076 7328 7218 
1988 52856 167 14 32766 32766 28688 65 27 203 108 17 3980 0 51 52 -234 302 -16 121 5 45 7050 7334 7216 
1989 52856 150 14 32766 32766 27772 63 40 348 102 16 4403 2 54 54 -246 269 -17 111 0 40 7062 7352 7215 
1990 52856 153 13 32766 32766 30069 68 -19 217 78 17 2549 1 49 48 -224 283 -22 124 5 45 7087 7370 7217 
1991 52856 207 14 32766 32766 29365 66 -12 273 69 20 2780 0 47 47 -229 286 -22 122 4 44 7062 7315 7213 
1992 52856 200 14 32766 32766 29232 66 11 203 87 19 3503 0 50 49 -216 267 -22 112 -2 38 7089 7354 7215 
1993 52856 220 14 32766 32766 28398 64 26 292 98 23 3975 0 53 51 -233 264 -17 116 2 42 7062 7353 7218 
1994 52856 220 14 32766 32766 29570 67 -8 219 74 23 2900 0 49 50 -203 289 -15 125 7 47 7058 7347 7217 
1995 52856 220 14 32766 32766 28732 65 -22 302 88 22 2446 0 49 48 -259 284 -24 117 -1 39 7094 7341 7221 
1996 52856 280 14 32766 32766 28935 65 -15 219 81 25 2672 2 49 49 -208 289 -18 122 3 43 7041 7329 7216 
1997 52856 180 14 32766 32766 30398 69 0 251 78 20 3129 2 50 49 -197 304 -19 119 3 43 7108 7334 7221 
1998 52856 220 14 32766 32766 29754 67 -5 381 92 20 2997 0 47 51 -198 298 -8 134 17 57 7058 7350 7222 
1999 52856 223 14 32766 32766 29380 66 -2 170 89 20 3086 0 49 53 -212 319 -9 127 12 52 7061 7335 7220 
2000 52856 230 14 32766 32766 31154 70 -22 198 73 20 2440 1 48 49 -198 337 -13 124 10 50 7084 7336 7213 
2001 52856 240 14 32766 32766 30322 68 7 383 78 20 3362 1 46 49 -204 311 -11 125 11 51 7058 7332 7219 
2002 52856 233 14 32766 32766 30190 68 1 197 90 21 3168 1 48 50 -211 300 -14 127 9 49 7061 7353 7223 
2003 52856 203 13 32766 32766 30325 68 -15 191 89 20 2667 1 48 50 -223 310 -12 129 12 52 7053 7350 7217 
2004 52856 157 13 252 14 30519 69 14 248 88 16 3593 4 48 47 -222 298 -15 123 6 46 7068 7343 7220 
2005 52856 157 13 249 902 28364 64 20 226 99 14 3770 5 50 53 -195 281 -7 125 11 51 7078 7339 7214 
2006 52856 147 13 229 13 29071 66 6 268 99 15 3321 3 48 51 -199 321 -4 134 16 56 7043 7339 7218 
2007 52856 163 13 259 13 28700 65 6 339 98 15 3329 4 48 51 -201 285 -6 130 14 54 7090 7339 7218 
2008 52856 141 13 225 902 27912 63 13 382 88 15 3536 4 47 47 -234 287 -10 124 10 50 7089 7330 7217 
2009 52856 147 13 254 14 27577 62 8 245 91 16 3401 5 46 51 -202 281 -4 132 16 56 7028 7340 7213 
2010 52856 166 13 276 14 29494 67 5 422 75 18 3288 4 44 51 -228 322 -5 137 18 58 7051 7312 7212 
2011 52856 148 14 258 13 28430 64 0 224 94 15 3145 4 48 50 -208 305 -10 127 11 51 7049 7333 7209 
2012 52856 152 13 273 13 28132 63 6 241 103 15 3324 4 49 50 -230 282 -10 120 8 48 7085 7318 7200 
2013 52856 162 14 245 13 30189 68 -15 207 67 14 2757 3 42 47 -203 319 -4 139 14 60 7073 7328 7212 
